100.0 760.0
140.0 2460.0
30.0 2060.0
70.0 3010.0
170.0 4160.0
150.0 3620.0
80.0 2020.0
120.0 2410.0
0.0 3020.0
90.0 2320.0
50.0 3020.0
160.0 4540.0
20.0 3470.0
40.0 3020.0
60.0 3420.0
180.0 3420.0
10.0 2670.0
110.0 2820.0
130.0 2820.0
190.0 4200.0
310.0 1230.0
380.0 1030.0
280.0 1400.0
230.0 1860.0
240.0 1810.0
260.0 1310.0
340.0 2220.0
220.0 1680.0
370.0 2400.0
360.0 3240.0
210.0 2370.0
290.0 4030.0
320.0 2500.0
390.0 2340.0
270.0 3620.0
300.0 4620.0
350.0 4000.0
250.0 3420.0
330.0 5780.0
200.0 2500.0
550.0 1090.0
590.0 1110.0
500.0 1210.0
570.0 1190.0
580.0 1390.0
410.0 1740.0
460.0 1950.0
530.0 1980.0
490.0 1770.0
560.0 2360.0
420.0 2260.0
450.0 2390.0
440.0 2840.0
400.0 2620.0
470.0 3080.0
480.0 4000.0
510.0 2470.0
520.0 4800.0
430.0 4820.0
540.0 1390.0
660.0 2030.0
720.0 1860.0
630.0 5530.0
700.0 2720.0
780.0 3610.0
710.0 4760.0
750.0 4120.0
610.0 3670.0
600.0 2640.0
790.0 3870.0
650.0 3400.0
760.0 6620.0
690.0 4670.0
740.0 4580.0
620.0 5450.0
640.0 4620.0
770.0 3180.0
670.0 5020.0
730.0 8580.0
680.0 7360.0
970.0 2020.0
980.0 2640.0
990.0 3180.0
810.0 3490.0
850.0 2360.0
860.0 2830.0
920.0 3780.0
840.0 6860.0
800.0 3600.0
830.0 3670.0
820.0 3250.0
890.0 1050.0
870.0 3160.0
900.0 2630.0
910.0 3560.0
880.0 5090.0
940.0 4140.0
950.0 3020.0
930.0 3280.0
960.0 2560.0
25.0 1410.0
35.0 2460.0
65.0 3460.0
15.0 3220.0
85.0 3620.0
55.0 4620.0
5.0 4800.0
75.0 4580.0
45.0 4220.0
95.0 3620.0
105.0 2290.0
115.0 1030.0
135.0 2770.0
125.0 3130.0
145.0 3500.0
195.0 1690.0
185.0 1560.0
175.0 2260.0
155.0 2470.0
165.0 3420.0
355.0 1230.0
285.0 1850.0
365.0 2130.0
345.0 3890.0
325.0 3050.0
215.0 2280.0
275.0 2100.0
385.0 3030.0
295.0 4020.0
315.0 6510.0
225.0 3820.0
335.0 3860.0
265.0 3870.0
245.0 4020.0
305.0 4760.0
235.0 3020.0
255.0 3220.0
395.0 3420.0
375.0 3510.0
205.0 3820.0
595.0 1260.0
405.0 1270.0
585.0 1190.0
465.0 1570.0
525.0 1320.0
505.0 1390.0
535.0 1470.0
565.0 1590.0
495.0 1530.0
435.0 2240.0
475.0 2970.0
415.0 2190.0
575.0 2430.0
555.0 3480.0
545.0 2590.0
515.0 2640.0
445.0 4000.0
455.0 2870.0
485.0 2560.0
425.0 3020.0
795.0 1410.0
775.0 1580.0
625.0 2940.0
605.0 1690.0
655.0 5660.0
785.0 7380.0
715.0 6050.0
615.0 6050.0
735.0 3070.0
755.0 4820.0
745.0 6820.0
705.0 5210.0
695.0 4420.0
685.0 4160.0
675.0 2950.0
665.0 4230.0
725.0 3560.0
765.0 4400.0
815.0 2170.0
885.0 1260.0
825.0 4840.0
965.0 2900.0
895.0 2710.0
955.0 3320.0
875.0 2870.0
805.0 5760.0
975.0 3720.0
945.0 3890.0
985.0 4990.0
855.0 5420.0
935.0 4160.0
835.0 4950.0
845.0 3400.0
915.0 4540.0
995.0 3750.0
865.0 3650.0
925.0 4020.0
905.0 4890.0
61.0 2060.0
141.0 2260.0
21.0 1860.0
111.0 2310.0
91.0 2020.0
51.0 3800.0
101.0 2480.0
71.0 2590.0
161.0 3220.0
181.0 6220.0
191.0 4260.0
121.0 3640.0
81.0 4620.0
41.0 4600.0
11.0 4820.0
1.0 7820.0
151.0 2930.0
131.0 2980.0
31.0 3180.0
171.0 2950.0
42.0 1350.0
152.0 2180.0
122.0 2090.0
22.0 1760.0
92.0 1940.0
192.0 2250.0
112.0 2440.0
172.0 2490.0
102.0 3110.0
182.0 4020.0
12.0 4620.0
162.0 4360.0
132.0 3620.0
52.0 4220.0
82.0 3820.0
142.0 3110.0
2.0 2560.0
13.0 570.0
143.0 1400.0
173.0 1680.0
184.0 1860.0
164.0 2050.0
53.0 2050.0
84.0 3060.0
43.0 2520.0
134.0 1800.0
74.0 2140.0
34.0 2990.0
193.0 2620.0
94.0 2480.0
163.0 5360.0
103.0 3690.0
54.0 2140.0
113.0 3340.0
64.0 3420.0
83.0 3420.0
104.0 3020.0
4.0 3330.0
23.0 3820.0
73.0 4220.0
174.0 2950.0
44.0 2560.0
3.0 4420.0
24.0 3220.0
144.0 3620.0
183.0 2960.0
14.0 3800.0
93.0 3620.0
63.0 3400.0
124.0 3400.0
154.0 2960.0
153.0 2800.0
123.0 3820.0
114.0 5020.0
194.0 4560.0
133.0 3750.0
149.0 2250.0
169.0 1120.0
67.0 1250.0
127.0 1010.0
79.0 1730.0
47.0 1860.0
37.0 1630.0
176.0 2170.0
189.0 2380.0
7.0 2670.0
9.0 1630.0
109.0 1690.0
166.0 1780.0
136.0 1660.0
106.0 2250.0
197.0 1940.0
178.0 2200.0
137.0 3500.0
29.0 1960.0
49.0 2110.0
68.0 1540.0
38.0 2230.0
88.0 2030.0
177.0 2130.0
46.0 2820.0
167.0 2120.0
108.0 2570.0
96.0 2340.0
27.0 1930.0
156.0 3010.0
157.0 2310.0
99.0 2440.0
69.0 1800.0
196.0 2380.0
66.0 2120.0
59.0 2230.0
56.0 2600.0
57.0 2450.0
58.0 3020.0
87.0 4010.0
198.0 3260.0
36.0 2400.0
179.0 3020.0
8.0 3020.0
28.0 4620.0
48.0 3070.0
187.0 3780.0
138.0 3630.0
16.0 4070.0
158.0 4000.0
39.0 5020.0
139.0 3020.0
86.0 2660.0
119.0 3680.0
18.0 3620.0
126.0 3760.0
186.0 3380.0
148.0 2790.0
147.0 5220.0
19.0 3020.0
117.0 4310.0
78.0 3270.0
17.0 3220.0
129.0 3420.0
128.0 3410.0
6.0 6000.0
168.0 3220.0
98.0 3050.0
26.0 5180.0
97.0 2580.0
107.0 4560.0
89.0 4020.0
118.0 3980.0
77.0 4620.0
199.0 6200.0
76.0 5950.0
116.0 3980.0
146.0 4180.0
159.0 3380.0
188.0 4780.0
381.0 1260.0
303.0 1240.0
301.0 1360.0
274.0 1140.0
261.0 1350.0
364.0 1810.0
324.0 1320.0
341.0 1410.0
361.0 1210.0
241.0 1510.0
212.0 1470.0
382.0 1380.0
312.0 1360.0
313.0 1630.0
393.0 1410.0
334.0 1680.0
222.0 1890.0
363.0 2080.0
314.0 2270.0
284.0 1330.0
372.0 2220.0
262.0 2370.0
311.0 3000.0
252.0 2350.0
253.0 2360.0
203.0 2030.0
351.0 3040.0
371.0 2280.0
281.0 1990.0
331.0 3170.0
271.0 2800.0
344.0 3500.0
333.0 2980.0
223.0 2330.0
394.0 3030.0
354.0 3120.0
353.0 2860.0
213.0 2010.0
233.0 4060.0
391.0 2610.0
232.0 3560.0
201.0 3000.0
251.0 3250.0
383.0 4530.0
282.0 5360.0
291.0 3420.0
272.0 3620.0
231.0 2720.0
342.0 4160.0
373.0 2660.0
304.0 3420.0
273.0 2760.0
321.0 3020.0
263.0 4600.0
293.0 2950.0
283.0 3190.0
211.0 4820.0
234.0 3220.0
221.0 3620.0
362.0 7020.0
392.0 4220.0
292.0 2830.0
244.0 6420.0
302.0 3560.0
323.0 3620.0
352.0 3960.0
243.0 3930.0
204.0 3420.0
264.0 3110.0
214.0 3380.0
224.0 3420.0
384.0 2340.0
343.0 3760.0
254.0 4400.0
294.0 4400.0
242.0 5220.0
322.0 3200.0
332.0 4350.0
374.0 2960.0
202.0 4200.0
348.0 1010.0
367.0 1270.0
296.0 1330.0
398.0 1360.0
388.0 1430.0
207.0 2690.0
327.0 1210.0
377.0 1370.0
356.0 1420.0
376.0 1310.0
369.0 1450.0
286.0 1570.0
366.0 1560.0
357.0 1480.0
279.0 1200.0
208.0 2200.0
287.0 2300.0
307.0 2380.0
336.0 2270.0
309.0 3170.0
206.0 2740.0
368.0 2100.0
257.0 1580.0
249.0 2160.0
399.0 2750.0
289.0 2200.0
339.0 1940.0
378.0 1840.0
239.0 5360.0
218.0 2560.0
229.0 2550.0
396.0 3930.0
266.0 3290.0
219.0 3220.0
256.0 2240.0
318.0 2840.0
209.0 2740.0
316.0 3220.0
337.0 2660.0
278.0 3410.0
248.0 3050.0
308.0 1840.0
349.0 3270.0
216.0 4060.0
269.0 3160.0
299.0 9050.0
358.0 4820.0
237.0 5570.0
326.0 3420.0
246.0 3420.0
317.0 3670.0
387.0 3410.0
347.0 4070.0
298.0 3220.0
238.0 3620.0
346.0 3530.0
338.0 3020.0
276.0 4070.0
386.0 3420.0
267.0 3420.0
236.0 3620.0
288.0 4820.0
397.0 3050.0
328.0 4020.0
306.0 4270.0
226.0 3380.0
297.0 3420.0
389.0 4020.0
259.0 3140.0
247.0 3160.0
319.0 3980.0
268.0 3760.0
329.0 5020.0
217.0 3020.0
359.0 6000.0
379.0 4760.0
277.0 4000.0
501.0 860.0
564.0 930.0
412.0 2390.0
571.0 1160.0
504.0 1390.0
562.0 1390.0
503.0 1400.0
532.0 1230.0
473.0 1120.0
534.0 1470.0
592.0 1190.0
463.0 1530.0
513.0 1530.0
541.0 1210.0
431.0 1270.0
454.0 1280.0
493.0 1190.0
402.0 1400.0
441.0 1440.0
561.0 1340.0
531.0 1720.0
572.0 1270.0
481.0 1760.0
574.0 1690.0
413.0 1580.0
424.0 1680.0
543.0 2320.0
551.0 1520.0
411.0 1940.0
482.0 7830.0
422.0 2300.0
594.0 2000.0
401.0 1910.0
451.0 2270.0
462.0 2310.0
552.0 2280.0
583.0 2030.0
554.0 1960.0
433.0 5130.0
524.0 2110.0
404.0 2260.0
453.0 2790.0
474.0 2700.0
581.0 2870.0
443.0 2670.0
492.0 2380.0
573.0 2280.0
472.0 2790.0
491.0 2940.0
521.0 3290.0
512.0 2700.0
484.0 3140.0
464.0 3810.0
403.0 2450.0
502.0 2210.0
514.0 3050.0
423.0 2460.0
432.0 3030.0
523.0 2350.0
452.0 2480.0
591.0 2360.0
522.0 4040.0
414.0 4420.0
584.0 4470.0
593.0 3820.0
582.0 4820.0
444.0 3420.0
553.0 6190.0
511.0 4620.0
494.0 2470.0
421.0 4070.0
471.0 2340.0
544.0 3860.0
461.0 4820.0
563.0 4220.0
483.0 3800.0
542.0 5320.0
533.0 5470.0
434.0 3600.0
442.0 3590.0
516.0 660.0
486.0 660.0
428.0 1030.0
488.0 1100.0
448.0 1050.0
518.0 1100.0
459.0 1140.0
429.0 1320.0
499.0 1860.0
598.0 1260.0
547.0 1470.0
468.0 1350.0
527.0 1350.0
497.0 1260.0
587.0 1430.0
529.0 1420.0
498.0 1690.0
457.0 1490.0
576.0 1740.0
559.0 1410.0
469.0 1980.0
487.0 2860.0
597.0 1780.0
588.0 2260.0
578.0 2690.0
467.0 2180.0
426.0 1690.0
557.0 2000.0
478.0 2380.0
416.0 2400.0
479.0 2680.0
476.0 2590.0
596.0 2770.0
589.0 3000.0
508.0 2030.0
409.0 1910.0
456.0 2900.0
507.0 2790.0
519.0 2690.0
436.0 3820.0
407.0 2190.0
546.0 2300.0
417.0 2210.0
536.0 2500.0
447.0 2540.0
449.0 3030.0
526.0 2540.0
558.0 4220.0
539.0 2330.0
489.0 2440.0
537.0 4130.0
538.0 2240.0
406.0 3340.0
568.0 3020.0
577.0 3220.0
427.0 4020.0
579.0 5070.0
506.0 2930.0
438.0 3100.0
548.0 2250.0
466.0 4090.0
566.0 2880.0
408.0 5480.0
517.0 4360.0
556.0 3930.0
437.0 4560.0
418.0 2250.0
528.0 4010.0
446.0 3880.0
567.0 4620.0
477.0 3400.0
419.0 5380.0
586.0 3020.0
509.0 3130.0
496.0 2820.0
549.0 2560.0
439.0 3220.0
458.0 3850.0
569.0 2960.0
982.0 2170.0
944.0 1260.0
604.0 1030.0
993.0 2820.0
794.0 1860.0
691.0 2310.0
732.0 4560.0
902.0 3300.0
874.0 4940.0
601.0 1520.0
911.0 2050.0
941.0 3270.0
761.0 4710.0
781.0 3310.0
631.0 3110.0
603.0 1990.0
983.0 3180.0
882.0 3380.0
774.0 9640.0
994.0 3120.0
743.0 3990.0
863.0 2880.0
673.0 2330.0
752.0 3360.0
764.0 2270.0
664.0 6450.0
873.0 3460.0
923.0 4690.0
701.0 2600.0
602.0 3390.0
901.0 3920.0
763.0 3510.0
791.0 2680.0
884.0 2560.0
671.0 3810.0
632.0 3360.0
862.0 6400.0
704.0 2560.0
984.0 3860.0
971.0 7340.0
891.0 2760.0
893.0 4760.0
852.0 4760.0
853.0 2520.0
674.0 2870.0
912.0 7200.0
851.0 4760.0
973.0 3400.0
892.0 3310.0
843.0 6670.0
872.0 3040.0
773.0 5030.0
784.0 4110.0
913.0 3060.0
694.0 2860.0
733.0 4160.0
742.0 3950.0
814.0 5420.0
864.0 3520.0
614.0 3070.0
731.0 3190.0
772.0 3960.0
823.0 7670.0
754.0 6420.0
831.0 9770.0
861.0 5940.0
924.0 4020.0
723.0 5140.0
943.0 6820.0
623.0 5260.0
801.0 5420.0
881.0 3760.0
952.0 3070.0
633.0 4670.0
624.0 3270.0
871.0 4020.0
724.0 3270.0
712.0 5020.0
611.0 4670.0
903.0 2270.0
834.0 2310.0
954.0 3110.0
661.0 2850.0
933.0 3050.0
922.0 3140.0
934.0 2570.0
972.0 2860.0
681.0 4200.0
672.0 4980.0
981.0 3050.0
771.0 4090.0
932.0 6220.0
991.0 4540.0
613.0 4270.0
663.0 6980.0
682.0 5400.0
951.0 2470.0
992.0 2970.0
608.0 1150.0
606.0 1440.0
696.0 4480.0
636.0 4900.0
607.0 1690.0
617.0 3560.0
659.0 5900.0
667.0 3130.0
629.0 4780.0
626.0 2960.0
656.0 3160.0
678.0 5720.0
677.0 4380.0
688.0 2250.0
649.0 5390.0
658.0 3160.0
647.0 5060.0
628.0 2560.0
648.0 3160.0
689.0 3620.0
698.0 3620.0
687.0 5850.0
676.0 4560.0
627.0 3270.0
697.0 4420.0
637.0 4620.0
657.0 3390.0
619.0 2530.0
639.0 7820.0
666.0 5820.0
668.0 3710.0
616.0 5220.0
638.0 4990.0
669.0 4200.0
679.0 5120.0
699.0 4220.0
686.0 3780.0
609.0 4420.0
618.0 4350.0
646.0 4220.0
706.0 1290.0
749.0 2680.0
748.0 2130.0
797.0 1910.0
767.0 3700.0
756.0 3870.0
719.0 3940.0
709.0 3770.0
768.0 2930.0
736.0 2360.0
707.0 4980.0
769.0 2560.0
788.0 3180.0
746.0 2780.0
757.0 5850.0
779.0 6820.0
727.0 6020.0
728.0 4800.0
759.0 3070.0
799.0 3160.0
726.0 4820.0
787.0 4640.0
786.0 5930.0
798.0 4450.0
717.0 3620.0
796.0 3420.0
778.0 3420.0
738.0 3940.0
739.0 2580.0
708.0 4020.0
737.0 5760.0
758.0 6020.0
747.0 3340.0
729.0 4220.0
766.0 4420.0
789.0 5010.0
776.0 3580.0
777.0 3070.0
716.0 5220.0
897.0 2990.0
878.0 2830.0
899.0 3820.0
856.0 4730.0
829.0 3160.0
807.0 3160.0
898.0 3250.0
896.0 3160.0
847.0 3520.0
838.0 3360.0
826.0 3520.0
827.0 4530.0
809.0 2560.0
836.0 3650.0
888.0 4820.0
839.0 2580.0
868.0 4220.0
808.0 7760.0
818.0 4450.0
886.0 4770.0
828.0 4420.0
819.0 4140.0
869.0 5020.0
816.0 3740.0
859.0 3330.0
817.0 3400.0
857.0 3600.0
837.0 5780.0
879.0 3520.0
858.0 4970.0
876.0 2270.0
877.0 5050.0
849.0 6450.0
867.0 5160.0
887.0 5740.0
866.0 3220.0
889.0 3000.0
846.0 3600.0
806.0 7820.0
848.0 7220.0
979.0 2170.0
976.0 2070.0
968.0 2820.0
907.0 2550.0
918.0 4750.0
927.0 3020.0
967.0 4660.0
987.0 4980.0
957.0 4760.0
938.0 3860.0
939.0 4160.0
978.0 2760.0
949.0 3160.0
958.0 6150.0
986.0 4160.0
948.0 4160.0
969.0 2370.0
926.0 3360.0
999.0 4130.0
956.0 3650.0
908.0 4450.0
906.0 3710.0
929.0 10470.0
998.0 5730.0
997.0 3070.0
919.0 6020.0
959.0 2150.0
977.0 2530.0
936.0 6020.0
988.0 4620.0
916.0 4620.0
928.0 5990.0
989.0 2720.0
937.0 3520.0
966.0 3610.0
947.0 4780.0
909.0 4620.0
917.0 5000.0
946.0 7420.0
33.0 2430.0
228.0 2770.0
259.0 1540.0
622.0 5350.0
623.0 3080.0
635.0 4670.0
642.0 3010.0
644.0 3720.0
645.0 5820.0
653.0 6080.0
654.0 6020.0
652.0 3600.0
684.0 2690.0
693.0 5670.0
703.0 5780.0
714.0 3310.0
719.0 4780.0
643.0 4760.0
641.0 4950.0
651.0 2590.0
662.0 5270.0
683.0 4050.0
692.0 5090.0
711.0 5110.0
702.0 4400.0
713.0 4760.0
721.0 2480.0
718.0 6620.0
734.0 2920.0
722.0 3360.0
753.0 2170.0
783.0 3890.0
792.0 4250.0
793.0 5130.0
782.0 3760.0
803.0 5250.0
804.0 3370.0
802.0 4220.0
811.0 4020.0
813.0 4930.0
812.0 5580.0
821.0 2200.0
822.0 4910.0
824.0 4020.0
832.0 1960.0
833.0 4820.0
842.0 3090.0
841.0 3180.0
844.0 5140.0
854.0 5380.0
894.0 2260.0
883.0 5320.0
914.0 3930.0
904.0 4160.0
931.0 5400.0
942.0 4760.0
921.0 3860.0
961.0 2830.0
962.0 2930.0
953.0 3520.0
963.0 2870.0
974.0 2970.0
964.0 5230.0
996.0 3330.0
32.0 2760.0
62.0 2260.0
72.0 4420.0
227.0 4020.0
258.0 4820.0
559.0 2260.0
612.0 9610.0
621.0 3160.0
634.0 4780.0
741.0 3070.0
744.0 7240.0
751.0 2820.0
762.0 5820.0
1000.0 4050.0
599.0 2210.0
