
0.9 -0.6000000000000001 3170.0
0.8 -0.6000000000000001 2730.0
0.5 -0.6000000000000001 1770.0
0.8 0.4 4520.0
0.7000000000000001 -0.6000000000000001 1780.0
0.4 0.4 2920.0
1.0 -0.8 3450.0
0.2 0.8 3480.0
0.1 0.6000000000000001 1690.0
0.9 0.6000000000000001 2210.0
0.30000000000000004 1.0 3080.0
1.0 0.8 2650.0
0.4 -0.4 2650.0
0.6000000000000001 1.0 2270.0
0.6000000000000001 0.4 2820.0
1.0 0.4 2490.0
0.1 0.4 2370.0
0.7000000000000001 0.6000000000000001 5440.0
0.7000000000000001 -1.0 3390.0
0.7000000000000001 0.2 3370.0
1.0 -0.4 3330.0
0.30000000000000004 -0.6000000000000001 3240.0
0.8 1.0 4080.0
0.1 -1.0 5850.0
0.0 -1.0 2760.0
0.9 1.0 2760.0
0.9 -0.2 4210.0
0.5 -1.0 2800.0
0.0 0.4 2530.0
0.4 -0.2 4180.0
1.0 0.2 3680.0
0.5 -0.2 3610.0
0.0 -0.4 2130.0
0.0 1.0 3220.0
0.5 0.8 4230.0
0.1 0.0 4420.0
0.2 0.0 2680.0
1.0 1.0 2980.0
0.30000000000000004 -0.2 6430.0
0.9 -0.4 3420.0
0.4 0.6000000000000001 3850.0
0.8 0.6000000000000001 5670.0
0.30000000000000004 0.6000000000000001 2450.0
0.5 0.4 3110.0
0.7000000000000001 1.0 3360.0
0.6000000000000001 -0.6000000000000001 3100.0
0.4 0.8 2380.0
0.30000000000000004 0.2 2490.0
0.1 0.8 2710.0
0.0 0.6000000000000001 3020.0
0.9 0.0 2790.0
0.2 0.2 5990.0
0.7000000000000001 0.0 3370.0
0.6000000000000001 0.0 4020.0
0.2 1.0 3870.0
0.7000000000000001 0.4 4290.0
0.0 0.0 4630.0
0.6000000000000001 0.8 5800.0
0.8 0.8 2770.0
0.7000000000000001 0.8 4420.0
0.7000000000000001 -0.4 3370.0
0.9 -1.0 4740.0
0.6000000000000001 -1.0 3220.0
0.4 1.0 4020.0
0.0 -0.2 3820.0
0.9 0.8 5720.0
0.5 1.0 5450.0
0.6000000000000001 -0.8 2960.0
0.5 -0.4 3980.0
0.2 -0.8 2760.0
0.30000000000000004 -0.8 2780.0
0.30000000000000004 -0.4 5820.0
0.2 -0.6000000000000001 5620.0
0.9 -0.8 5220.0
0.6000000000000001 -0.2 4400.0
0.6000000000000001 -0.4 4820.0
1.0 0.6000000000000001 3240.0
0.4 0.0 4580.0
0.1 -0.6000000000000001 3750.0
0.4 -1.0 3420.0
0.0 0.2 2470.0
1.0 -1.0 3980.0
0.30000000000000004 0.0 2850.0
0.8 -0.8 4000.0
0.8 0.2 4650.0
0.1 0.2 5160.0
0.8 -0.2 3520.0
0.2 -0.2 6020.0
0.5 -0.8 3620.0
1.0 -0.6000000000000001 3860.0
0.2 0.4 3980.0
0.0 0.8 3620.0
0.4 -0.6000000000000001 4340.0
0.1 -0.4 3920.0
1.0 -0.2 5020.0
0.2 0.6000000000000001 3620.0
1.0 0.0 5820.0
0.5 0.0 4140.0
0.30000000000000004 0.4 4700.0
0.5 0.6000000000000001 4000.0
0.8 0.0 5140.0
0.30000000000000004 0.8 4730.0
0.2 -1.0 3420.0
0.1 1.0 3560.0
0.6000000000000001 0.2 3940.0
0.8 -1.0 3620.0
0.0 -0.6000000000000001 3220.0
0.6000000000000001 0.6000000000000001 3950.0
0.30000000000000004 -1.0 3820.0
0.0 -0.8 3020.0
0.5 0.2 5380.0
0.1 -0.8 2820.0
0.2 -0.4 3220.0
0.9 0.2 4180.0
0.7000000000000001 -0.8 3780.0
0.1 -0.2 6420.0
0.8 -0.4 3400.0
0.4 0.2 4020.0
0.9 0.4 5200.0
0.4 -0.8 3020.0
